400.00000000000006
70.00000000000001
267.00000000000006
106.00000000000003
74.00000000000003
18.000000000000004
98.00000000000003
59.00000000000001
151.00000000000006
47.00000000000001
133.00000000000003
94.00000000000001
28.000000000000007
10.000000000000002
74.00000000000003
71.00000000000001
49.000000000000014
14.000000000000004
46.00000000000001
26.000000000000007
14.000000000000004
5.000000000000001
32.0
34.00000000000001
119.00000000000003
48.000000000000014
132.00000000000003
126.00000000000001
31.000000000000004
23.000000000000004
86.00000000000003
159.00000000000006
24.000000000000007
2.0
31.000000000000004
7.000000000000002
3.000000000000001
1.0
28.000000000000007
14.000000000000004
10.000000000000002
6.000000000000002
12.000000000000004
9.000000000000002
5.000000000000001
0.0
13.000000000000004
15.000000000000002
1.0
4.0
5.000000000000001
6.000000000000002
2.0
1.0
8.0
21.000000000000007
2.0
4.0
14.000000000000004
27.000000000000007
4.0
6.000000000000002
35.00000000000001
187.00000000000006
