259.8074855383041
6.891504588188085e-16
190.93036348238218
76.79361770438817
98.42451293191
2.6107522693392004e-16
66.00810440980912
26.548952419010853
3.329831381914091e-11
8.031043652746368e-16
203.05027565269242
8.981861559520592e-12
1.6050345128380392e-12
3.8710975897395576e-17
10.724944900298986
4.744143784997361e-13
1.009814069595721e-11
3.3694834690185774e-16
7.421039734788922e-12
37.54692782539385
3.825542506822642e-12
1.2764827332943954e-16
2.5655886088987103e-12
12.980656858147405
6.810405350656754e-11
0.02066246966140735
415.29270559115383
231.08757715828125
3.2827294780126413e-12
0.000995965654812347
21.935411664151196
12.205851601035715
7.237064362170801
6.415952277177075e-13
1.1868097173779349e-12
5.736760967700408e-17
150.14134483300109
1.3310641650708984e-11
2.2469303339186818e-11
1.0861136413043026e-15
48.80833347361412
39.34413701540481
66.41568246040008
3.5307660827192705e-16
128.83752243576947
103.85523894559006
192.10929485819727
1.0212843673854654e-15
14.801753062596061
16.50712223820049
2.427346709909365e-12
0.001475968187637978
307.07963885477335
342.45951232949244
4.595579959930732e-11
0.027943802988315766
1.8970716626218575e-12
19.23664383876776
2.581430263695233e-12
1.7263077745148753e-16
5.0076287285538525e-12
50.77824534832759
7.4668621824339e-12
4.993395490109048e-16
