2000, 10, 100
0.05, 0.05
7386.872796092986
0.05, 0.1
7781.150497924675
0.05, 0.15
9043.441484999763
0.05, 0.2
12431.916463075557
0.05, 0.25
9580.894083671428
0.05, 0.3
10907.618672610282
0.05, 0.35
12345.291733992319
0.05, 0.4
15795.123529740476
0.05, 0.45
16168.390629370348
0.05, 0.5
15612.19676677789
0.05, 0.55
21615.20031067125
0.05, 0.6
31132.69927431557
0.05, 0.65
27583.925115143964
0.05, 0.7
40926.38832095005
0.05, 0.75
41956.90772015147
0.05, 0.8
71245.05600204755
0.05, 0.85
90691.32749547595
0.05, 0.9
140412.18740652746
0.05, 0.95
688871.0733995542
0.1, 0.05
9062.042304168452
0.1, 0.1
9087.481338725498
0.1, 0.15
10558.021324205858
0.1, 0.2
10737.142633565152
0.1, 0.25
10725.132429656733
0.1, 0.3
14656.523685135955
0.1, 0.35
15841.717644598062
0.1, 0.4
14249.759681755044
0.1, 0.45
17910.420595903564
0.1, 0.5
23177.106925395587
0.1, 0.55
19840.71665334174
0.1, 0.6
31837.719597221603
0.1, 0.65
36104.22030878671
0.1, 0.7
44210.51496690441
0.1, 0.75
55231.707959219435
0.1, 0.8
71618.59138764575
0.1, 0.85
113414.98462334576
0.1, 0.9
231397.7974853121
0.1, 0.95
597084.0138485803
0.15, 0.05
8786.712712805716
0.15, 0.1
10197.980674166223
0.15, 0.15
11959.532074859053
0.15, 0.2
11444.790432314503
0.15, 0.25
15207.35435465835
0.15, 0.3
16349.153275809695
0.15, 0.35
20548.587636964283
0.15, 0.4
20326.42000823292
0.15, 0.45
18898.92019753505
0.15, 0.5
28265.30279509159
0.15, 0.55
31278.75471917889
0.15, 0.6
30416.818271085904
0.15, 0.65
38787.05423073384
0.15, 0.7
48909.91209644479
0.15, 0.75
61920.81620954586
0.15, 0.8
83384.3791270348
0.15, 0.85
115536.5112302367
0.15, 0.9
199157.9648225651
0.15, 0.95
831741.7498772937
0.2, 0.05
9633.423753280738
0.2, 0.1
10747.859488697923
0.2, 0.15
11606.13201916766
0.2, 0.2
13421.75572296498
0.2, 0.25
13765.007456830439
0.2, 0.3
15895.055756104653
0.2, 0.35
22282.6396645885
0.2, 0.4
22651.61912804281
0.2, 0.45
26892.63403573028
0.2, 0.5
30514.03939348794
0.2, 0.55
28997.15369918043
0.2, 0.6
36835.1182304128
0.2, 0.65
46577.49294930938
0.2, 0.7
53590.59290664636
0.2, 0.75
70715.83078038241
0.2, 0.8
95676.28929441763
0.2, 0.85
142233.2338267385
0.2, 0.9
249662.08974966742
0.2, 0.95
1.0244445209562421e6
0.25, 0.05
12334.930055766874
0.25, 0.1
14938.321336381561
0.25, 0.15
16806.2021442173
0.25, 0.2
15489.66906932947
0.25, 0.25
18432.270212565105
0.25, 0.3
19040.96939115317
0.25, 0.35
19261.557080718125
0.25, 0.4
27172.943602560823
0.25, 0.45
26177.756199619387
0.25, 0.5
25377.397703254126
0.25, 0.55
33904.73065560943
0.25, 0.6
41159.02058538566
0.25, 0.65
43225.22168477132
0.25, 0.7
60794.41153399928
0.25, 0.75
69117.93265925624
0.25, 0.8
114074.71375110792
0.25, 0.85
151040.40447135732
0.25, 0.9
332437.80707243306
0.25, 0.95
1.0631725448427545e6
0.3, 0.05
11992.984893046692
0.3, 0.1
18108.977960236556
0.3, 0.15
15540.47378967048
0.3, 0.2
19617.341283373604
0.3, 0.25
20635.19445833299
0.3, 0.3
23764.477596975536
0.3, 0.35
24475.98370253449
0.3, 0.4
27335.540383050116
0.3, 0.45
28824.301099878732
0.3, 0.5
43742.79708077754
0.3, 0.55
40618.53509783112
0.3, 0.6
47479.92501644628
0.3, 0.65
57402.689342392514
0.3, 0.7
74208.29942155091
0.3, 0.75
87252.37511881955
0.3, 0.8
135068.14215277683
0.3, 0.85
159843.03302540982
0.3, 0.9
332176.77621999127
0.3, 0.95
1.0750829488357336e6
0.35, 0.05
14292.855695565046
0.35, 0.1
15042.803796774342
0.35, 0.15
18818.85121990109
0.35, 0.2
22885.16768783332
0.35, 0.25
21267.77783426235
0.35, 0.3
25549.664478805615
0.35, 0.35
31982.059785375615
0.35, 0.4
29138.348224460784
0.35, 0.45
37982.29722171073
0.35, 0.5
42331.82318793153
0.35, 0.55
44945.89641911988
0.35, 0.6
57846.51730448626
0.35, 0.65
70178.16726044205
0.35, 0.7
70103.36361365621
0.35, 0.75
115816.50988944026
0.35, 0.8
137281.7501068489
0.35, 0.85
209359.153991007
0.35, 0.9
491026.9974067394
0.35, 0.95
1.2550442313123413e6
0.4, 0.05
19662.51867692709
0.4, 0.1
18089.91593333635
0.4, 0.15
19829.130909650383
0.4, 0.2
26467.63886121097
0.4, 0.25
24307.237518908318
0.4, 0.3
31532.26666639539
0.4, 0.35
32577.7774229665
0.4, 0.4
47709.84908559927
0.4, 0.45
39798.625511425395
0.4, 0.5
50626.439740510796
0.4, 0.55
53171.2427166038
0.4, 0.6
67345.3375777726
0.4, 0.65
75405.9541194143
0.4, 0.7
93810.30805122819
0.4, 0.75
117216.6494270432
0.4, 0.8
165918.0022063429
0.4, 0.85
284658.3318083342
0.4, 0.9
552854.6228726716
0.4, 0.95
1.3768024517140647e6
0.45, 0.05
24533.54344650052
0.45, 0.1
21925.416682599498
0.45, 0.15
29049.890567435312
0.45, 0.2
28550.039701039226
0.45, 0.25
31130.629797980127
0.45, 0.3
42368.59751975644
0.45, 0.35
36381.19000078316
0.45, 0.4
46073.43098091732
0.45, 0.45
50196.318846119764
0.45, 0.5
67797.94186449185
0.45, 0.55
70756.94770809967
0.45, 0.6
83303.5761198666
0.45, 0.65
93253.35771824671
0.45, 0.7
129296.98423177104
0.45, 0.75
160350.62142863212
0.45, 0.8
183205.5207090641
0.45, 0.85
271707.7063913206
0.45, 0.9
539874.4511829675
0.45, 0.95
1.6279609368276726e6
0.5, 0.05
31812.66712913429
0.5, 0.1
31440.702425035463
0.5, 0.15
40781.34127652928
0.5, 0.2
38323.20913674825
0.5, 0.25
40389.11146982582
0.5, 0.3
43500.59190575835
0.5, 0.35
47182.50625154352
0.5, 0.4
56357.67008691432
0.5, 0.45
66268.42050435617
0.5, 0.5
62684.69809009404
0.5, 0.55
72055.1453478673
0.5, 0.6
87734.73406802116
0.5, 0.65
123735.29170443058
0.5, 0.7
123655.44049338848
0.5, 0.75
171203.10030455966
0.5, 0.8
219626.69036762815
0.5, 0.85
385716.35057415103
0.5, 0.9
872483.4086414641
0.5, 0.95
1.9665659000646695e6
0.55, 0.05
32287.4281390774
0.55, 0.1
36445.64850385848
0.55, 0.15
49541.27876315179
0.55, 0.2
41449.3821440014
0.55, 0.25
50905.7040610808
0.55, 0.3
47595.398713887065
0.55, 0.35
49829.66095434106
0.55, 0.4
62075.72648199384
0.55, 0.45
82295.4621297096
0.55, 0.5
85217.15710309261
0.55, 0.55
91631.22640113825
0.55, 0.6
108941.21983430914
0.55, 0.65
147645.43894125219
0.55, 0.7
186025.17467221423
0.55, 0.75
230473.5352651904
0.55, 0.8
259002.76590149893
0.55, 0.85
391701.2133496694
0.55, 0.9
733747.722515648
0.55, 0.95
2.875744697151418e6
0.6, 0.05
42393.96926480316
0.6, 0.1
50050.25307151648
0.6, 0.15
49235.22680666994
0.6, 0.2
58336.76111178998
0.6, 0.25
56132.0411807039
0.6, 0.3
75679.57169624645
0.6, 0.35
67013.30787108693
0.6, 0.4
88675.21967635608
0.6, 0.45
84083.81718284651
0.6, 0.5
110474.77704918355
0.6, 0.55
129362.9420840854
0.6, 0.6
150204.92566886707
0.6, 0.65
186443.42724691267
0.6, 0.7
232818.37829435538
0.6, 0.75
241812.45249049366
0.6, 0.8
388409.84126485535
0.6, 0.85
494713.9069795754
0.6, 0.9
1.0398809080527485e6
0.6, 0.95
3.1683955856640665e6
0.65, 0.05
57857.659926862834
0.65, 0.1
72479.557331629
0.65, 0.15
66130.9668291997
0.65, 0.2
76666.38227368967
0.65, 0.25
85521.02835473669
0.65, 0.3
82029.22306330684
0.65, 0.35
88120.20232772216
0.65, 0.4
94156.08531375523
0.65, 0.45
151219.30600999613
0.65, 0.5
154165.9422189022
0.65, 0.55
143325.22328605235
0.65, 0.6
203471.9090356116
0.65, 0.65
249621.6502719286
0.65, 0.7
269209.25785356585
0.65, 0.75
359411.4228104531
0.65, 0.8
542021.7470011776
0.65, 0.85
733466.0807309367
0.65, 0.9
1.3485440973662785e6
0.65, 0.95
4.927062224191741e6
0.7, 0.05
84160.5726284514
0.7, 0.1
74821.05904070834
0.7, 0.15
103376.09407450812
0.7, 0.2
113528.64565842898
0.7, 0.25
103158.67120082765
0.7, 0.3
116416.54870772293
0.7, 0.35
127598.04601920534
0.7, 0.4
159012.3491061842
0.7, 0.45
179989.7638696006
0.7, 0.5
189712.78253245424
0.7, 0.55
213241.58101401932
0.7, 0.6
248143.0812399401
0.7, 0.65
261081.5745834424
0.7, 0.7
407915.14195856533
0.7, 0.75
495848.6209812864
0.7, 0.8
580040.4727125734
0.7, 0.85
1.0538047044469984e6
0.7, 0.9
2.0387111284834873e6
0.7, 0.95
5.906760297331529e6
0.75, 0.05
107100.35283292284
0.75, 0.1
114760.57305976804
0.75, 0.15
104670.08855327386
0.75, 0.2
123910.67394300809
0.75, 0.25
150556.89958383286
0.75, 0.3
157689.16697728404
0.75, 0.35
192192.86103702016
0.75, 0.4
208399.51408999402
0.75, 0.45
242172.40954394973
0.75, 0.5
267917.38993355696
0.75, 0.55
356729.8404456513
0.75, 0.6
390495.13988762023
0.75, 0.65
473420.2375149995
0.75, 0.7
546487.838197506
0.75, 0.75
731306.2240217472
0.75, 0.8
976506.8118476378
0.75, 0.85
1.5046384512231264e6
0.75, 0.9
2.2939887912727203e6
0.75, 0.95
6.618940954872408e6
0.8, 0.05
170594.91009252836
0.8, 0.1
158673.56405910527
0.8, 0.15
199240.39267840248
0.8, 0.2
222063.41942109817
0.8, 0.25
212641.64388102424
0.8, 0.3
244966.41287201765
0.8, 0.35
293569.14334177313
0.8, 0.4
340956.417626172
0.8, 0.45
358825.97624128906
0.8, 0.5
459090.7984272361
0.8, 0.55
467043.74784696655
0.8, 0.6
579497.8942861056
0.8, 0.65
673583.5227337186
0.8, 0.7
876668.0341712896
0.8, 0.75
1.1038253780939043e6
0.8, 0.8
1.440098017261918e6
0.8, 0.85
1.8721504004277564e6
0.8, 0.9
3.729921456935449e6
0.8, 0.95
1.12422369547281e7
0.85, 0.05
350707.8243660296
0.85, 0.1
339496.1134115626
0.85, 0.15
451168.60781039594
0.85, 0.2
403964.15110162506
0.85, 0.25
389742.51689906075
0.85, 0.3
572382.51111252
0.85, 0.35
491494.12958443665
0.85, 0.4
602464.7583918214
0.85, 0.45
602522.681177818
0.85, 0.5
662575.8723487083
0.85, 0.55
755966.171493304
0.85, 0.6
1.1114410626957582e6
0.85, 0.65
1.215752622074509e6
0.85, 0.7
1.5939974587874494e6
0.85, 0.75
1.5532010759507725e6
0.85, 0.8
2.2938223366750963e6
0.85, 0.85
4.1487570698596644e6
0.85, 0.9
7.608140155410633e6
0.85, 0.95
2.72941523806301e7
0.9, 0.05
682968.2879853575
0.9, 0.1
781870.3666438429
0.9, 0.15
774855.6777635772
0.9, 0.2
1.0025987830320343e6
0.9, 0.25
751302.8783174162
0.9, 0.3
982369.0981610909
0.9, 0.35
1.2942724925560474e6
0.9, 0.4
1.1921170574860133e6
0.9, 0.45
1.252484529833052e6
0.9, 0.5
1.7982716777328379e6
0.9, 0.55
1.9339161314735315e6
0.9, 0.6
2.071269545610882e6
0.9, 0.65
2.621476046314903e6
0.9, 0.7
3.142874613803764e6
0.9, 0.75
3.900995976323737e6
0.9, 0.8
5.207820423423714e6
0.9, 0.85
8.059653136980001e6
0.9, 0.9
1.2537507498567639e7
0.9, 0.95
3.655613779812108e7
0.95, 0.05
2.3666096709118094e6
0.95, 0.1
2.930856703216115e6
0.95, 0.15
3.7957023839451643e6
0.95, 0.2
2.9819684940187186e6
0.95, 0.25
3.3910806475990666e6
0.95, 0.3
4.7143905039739385e6
0.95, 0.35
4.128981899245837e6
0.95, 0.4
4.422924307165751e6
0.95, 0.45
6.558537489648204e6
0.95, 0.5
5.272469771002812e6
0.95, 0.55
6.656177013151791e6
0.95, 0.6
7.372401174074987e6
0.95, 0.65
9.657313565618377e6
0.95, 0.7
1.0516228950356958e7
0.95, 0.75
1.1808930867246067e7
0.95, 0.8
1.787248007052182e7
0.95, 0.85
2.789197975512677e7
0.95, 0.9
3.748919613029409e7
0.95, 0.95
7.514151597801107e7
