0000000000000000
1000000000000000
0100000000000000
0010000000000000
1010000000000000
0110000000000000
0001000000000000
0101000000000000
0011000000000000
0000100000000000
1000100000000000
0100100000000000
1100100000000000
0010100000000000
0110100000000000
0001100000000000
0101100000000000
0011100000000000
1011100000000000
0111100000000000
0000010000000000
0100010000000000
0010010000000000
0110010000000000
1110010000000000
0001010000000000
0111010000000000
0000110000000000
0100110000000000
0010110000000000
0110110000000000
1110110000000000
0001110000000000
0011110000000000
0111110000000000
1111110000000000
0000001000000000
1000001000000000
0100001000000000
0010001000000000
0110001000000000
0001001000000000
0101001000000000
0011001000000000
0111001000000000
0000101000000000
1000101000000000
0100101000000000
0010101000000000
1010101000000000
0110101000000000
0001101000000000
0011101000000000
0111101000000000
1111101000000000
0000011000000000
0100011000000000
0010011000000000
1010011000000000
0110011000000000
0001011000000000
0101011000000000
0111011000000000
0000111000000000
1000111000000000
0010111000000000
0110111000000000
0001111000000000
1001111000000000
0101111000000000
0111111000000000
1111111000000000
0000001100000000
0000101100000000
0000011100000000
0001111100000000
0000000010000000
0010000010000000
0000100010000000
0000001010000000
0010001010000000
0110001010000000
0001001010000000
0000101010000000
1000101010000000
0001101010000000
0000011010000000
0100011010000000
0110011010000000
0000111010000000
0010111010000000
0001111010000000
0000001110000000
0100001110000000
0110001110000000
1101001110000000
0000101110000000
0110101110000000
0001101110000000
0000111110000000
0010111110000000
0110111110000000
0101111110000000
0000000001000000
0000100001000000
0110110001000000
0000001001000000
0000101001000000
1000101001000000
0000001101000000
1111111101000000
0000001011000000
0000101011000000
0100101011000000
0000111011000000
0001111011000000
1111111011000000
0000001111000000
0000101111000000
0001101111000000
0111101111000000
0010011111000000
0011111111000000
0111111111000000
0000000000100000
1000000000100000
0100000000100000
0001000000100000
0000100000100000
0100100000100000
0010100000100000
0001100000100000
0000010000100000
0000110000100000
0110110000100000
0000001000100000
0100001000100000
0010001000100000
0001001000100000
0111001000100000
0000101000100000
1000101000100000
0100101000100000
0010101000100000
0110101000100000
0001101000100000
0101101000100000
0011101000100000
1111101000100000
0000011000100000
0000111000100000
0010111000100000
1111111000100000
0000001100100000
0000101100100000
0100101100100000
0000000010100000
0010000010100000
0000100010100000
0000001010100000
0010001010100000
0001001010100000
0000101010100000
0100101010100000
0001101010100000
0000111010100000
0111111010100000
0000001110100000
0010001110100000
0000101110100000
0110101110100000
0110111110100000
0101111110100000
0011111110100000
1111111110100000
0000000001100000
1111110001100000
0000001001100000
1000001001100000
0001001001100000
0000101001100000
0100101001100000
0101101001100000
1111111001100000
0000001101100000
0000101101100000
0000000011100000
0000001011100000
1000001011100000
0000101011100000
0010011011100000
0111111011100000
0000001111100000
0010001111100000
0111001111100000
0000101111100000
0010101111100000
1111101111100000
1100011111100000
0000111111100000
0110111111100000
1110111111100000
0111111111100000
1111111111100000
0000000000010000
1000000000010000
0100000000010000
0010000000010000
0110000000010000
0001000000010000
0101000000010000
0011000000010000
0000100000010000
0100100000010000
0010100000010000
0110100000010000
0001100000010000
0011100000010000
0111100000010000
0000010000010000
0010010000010000
0110010000010000
0101010000010000
0011010000010000
0000110000010000
0100110000010000
0010110000010000
1010110000010000
0110110000010000
0001110000010000
0011110000010000
0111110000010000
1111110000010000
0000001000010000
1000001000010000
0100001000010000
0010001000010000
1010001000010000
0110001000010000
0001001000010000
0101001000010000
0011001000010000
1011001000010000
0111001000010000
0000101000010000
0100101000010000
0010101000010000
0110101000010000
1110101000010000
0001101000010000
1001101000010000
0101101000010000
0011101000010000
0111101000010000
0000011000010000
0100011000010000
0010011000010000
0110011000010000
0001011000010000
0011011000010000
0111011000010000
0000111000010000
0010111000010000
1010111000010000
0110111000010000
0001111000010000
0101111000010000
0011111000010000
0111111000010000
1111111000010000
0000001100010000
0010001100010000
1010001100010000
0110001100010000
0111001100010000
0000101100010000
0010101100010000
1010101100010000
0110101100010000
0111101100010000
0010011100010000
0010111100010000
0110111100010000
0000000010010000
0100000010010000
0010000010010000
0110000010010000
0001000010010000
0000100010010000
0010100010010000
0110100010010000
0010110010010000
0000001010010000
0100001010010000
0010001010010000
0110001010010000
0101001010010000
0011001010010000
0000101010010000
1000101010010000
0100101010010000
0010101010010000
0110101010010000
0011101010010000
0111101010010000
0000011010010000
0010011010010000
0110011010010000
0001011010010000
0000111010010000
0010111010010000
0110111010010000
0101111010010000
0111111010010000
1111111010010000
0000001110010000
0010001110010000
0110001110010000
0010101110010000
0110101110010000
0011101110010000
0111101110010000
0000011110010000
0100111110010000
0010111110010000
0110111110010000
0111111110010000
1111111110010000
0000001001010000
0010001001010000
0110101001010000
0001101001010000
0010111001010000
0111111001010000
0000001011010000
0010001011010000
0000101011010000
0010101011010000
0110101011010000
1110101011010000
0111101011010000
0100011011010000
0010111011010000
1011111011010000
0111111011010000
1111111011010000
0000001111010000
0110001111010000
0011001111010000
0000101111010000
0110101111010000
0111101111010000
0110111111010000
0111111111010000
0000000000110000
0100000000110000
0010000000110000
0110000000110000
0000100000110000
0010100000110000
0110100000110000
0111100000110000
0000010000110000
0010010000110000
0000110000110000
0100110000110000
0010110000110000
0110110000110000
0111110000110000
1111110000110000
0000001000110000
0100001000110000
0010001000110000
0110001000110000
0001001000110000
0111001000110000
0000101000110000
0010101000110000
1010101000110000
0110101000110000
0001101000110000
0011101000110000
0111101000110000
0000011000110000
0010011000110000
0110011000110000
0111011000110000
0000111000110000
0010111000110000
0110111000110000
0001111000110000
1101111000110000
0011111000110000
0111111000110000
1111111000110000
0000001100110000
0110001100110000
0101001100110000
0000101100110000
0110101100110000
0111101100110000
0000111100110000
0010111100110000
0110111100110000
0111111100110000
1111111100110000
0000000010110000
0010000010110000
0110110010110000
0000001010110000
0010001010110000
0110001010110000
0001001010110000
0011001010110000
0000101010110000
0100101010110000
0010101010110000
0110101010110000
0001101010110000
0101101010110000
0011101010110000
0111101010110000
0000011010110000
0010011010110000
0110011010110000
0000111010110000
0100111010110000
0010111010110000
0110111010110000
0011111010110000
0111111010110000
1111111010110000
0000001110110000
0100001110110000
0010001110110000
0110001110110000
0001001110110000
0000101110110000
0010101110110000
0110101110110000
0001101110110000
0011101110110000
0111101110110000
0000011110110000
0010111110110000
0110111110110000
0011111110110000
0111111110110000
1111111110110000
0000000001110000
0010000001110000
0110000001110000
0000010001110000
0110010001110000
0000001001110000
0100001001110000
0010001001110000
0110001001110000
1011001001110000
0000101001110000
0010101001110000
0110101001110000
0011101001110000
0000111001110000
0010111001110000
0110111001110000
0111111001110000
0000001101110000
0010101101110000
0110101101110000
0110111101110000
0000000011110000
0000001011110000
0010001011110000
0110001011110000
0111001011110000
0000101011110000
0010101011110000
0110101011110000
0111101011110000
0000111011110000
0010111011110000
0011111011110000
0111111011110000
0111110111110000
0000001111110000
0010001111110000
0110001111110000
0000101111110000
0010101111110000
0110101111110000
0001101111110000
0011101111110000
0111101111110000
1111101111110000
0000011111110000
0110011111110000
0000111111110000
0010111111110000
0110111111110000
1110111111110000
0101111111110000
0011111111110000
1011111111110000
0111111111110000
1111111111110000
0000000000001000
1000000000001000
0100000000001000
0010000000001000
0110000000001000
0001000000001000
0000100000001000
0010100000001000
1001100000001000
0000010000001000
0100010000001000
0000110000001000
0111110000001000
0000001000001000
0100001000001000
0010001000001000
0001001000001000
0000101000001000
0110101000001000
0001101000001000
1001101000001000
0101101000001000
0011101000001000
1011101000001000
0000011000001000
0100011000001000
0010011000001000
0000111000001000
0010111000001000
0101111000001000
0111111000001000
1111111000001000
0000001100001000
0000111100001000
0000000010001000
0000001010001000
0100001010001000
0000101010001000
0100101010001000
0111101010001000
0000011010001000
0110011010001000
0000111010001000
1001111010001000
0111111010001000
1111111010001000
0000001110001000
0000101110001000
1111111110001000
0000000001001000
0000001001001000
0001001001001000
0000101001001000
0000001011001000
1000101011001000
1001101011001000
0100011011001000
0000101111001000
0011101111001000
1011111111001000
0000000000101000
0010000000101000
1110000000101000
0001000000101000
0000100000101000
0111110000101000
0000001000101000
1000001000101000
0100001000101000
0010001000101000
0110001000101000
0001001000101000
0101001000101000
0000101000101000
0100101000101000
0010101000101000
0110101000101000
0001101000101000
0101101000101000
0000011000101000
0010011000101000
0101011000101000
0000111000101000
0100111000101000
0010111000101000
0110111000101000
0001111000101000
0111111000101000
1111111000101000
0000001100101000
0001101100101000
0110011100101000
0000000010101000
1000000010101000
0000100010101000
0100010010101000
0000001010101000
0010001010101000
0001001010101000
0000101010101000
0100101010101000
0010101010101000
0110101010101000
0001101010101000
0000011010101000
0000111010101000
0001111010101000
1111111010101000
0000001110101000
0000101110101000
0110101110101000
0110111110101000
1111111110101000
0000000001101000
0000100001101000
0000001001101000
0000101001101000
0010101001101000
0110101001101000
0000111001101000
0111111001101000
0000001101101000
0010101101101000
0101111101101000
0000000011101000
0000001011101000
0101001011101000
0000101011101000
0010101011101000
1001101011101000
0000011011101000
0000111011101000
0001111011101000
1111111011101000
0000001111101000
1000001111101000
0010001111101000
0001001111101000
0111001111101000
0000101111101000
0100101111101000
1001101111101000
0111101111101000
0111011111101000
0110111111101000
0001111111101000
1001111111101000
0111111111101000
0000000000011000
0100000000011000
0010000000011000
0110000000011000
0001000000011000
0011000000011000
0111000000011000
0000100000011000
0100100000011000
0010100000011000
0110100000011000
0001100000011000
0000010000011000
0010010000011000
0110010000011000
0000110000011000
0010110000011000
0110110000011000
0111110000011000
1111110000011000
0000001000011000
0100001000011000
0010001000011000
0110001000011000
0001001000011000
0101001000011000
0011001000011000
0111001000011000
0000101000011000
0100101000011000
0010101000011000
0110101000011000
0001101000011000
0101101000011000
0011101000011000
1011101000011000
0111101000011000
0000011000011000
0100011000011000
0010011000011000
0110011000011000
0001011000011000
0011011000011000
0000111000011000
1000111000011000
0100111000011000
0010111000011000
0110111000011000
0001111000011000
0101111000011000
0011111000011000
0111111000011000
1111111000011000
0000001100011000
0010001100011000
0110001100011000
0011001100011000
0000101100011000
0110101100011000
0111101100011000
0000111100011000
0110111100011000
0011111100011000
0111111100011000
0000000010011000
0010000010011000
0110000010011000
0000100010011000
0000001010011000
0100001010011000
0010001010011000
0110001010011000
0011001010011000
0000101010011000
0100101010011000
0010101010011000
0110101010011000
0001101010011000
0101101010011000
0011101010011000
0000011010011000
0010011010011000
0110011010011000
0111011010011000
0000111010011000
0010111010011000
0110111010011000
0001111010011000
0101111010011000
0011111010011000
0111111010011000
1111111010011000
0110100110011000
0000001110011000
0010001110011000
0110001110011000
0000101110011000
0010101110011000
0110101110011000
0001101110011000
0010111110011000
0110111110011000
0111111110011000
0000001001011000
0000101001011000
1000101001011000
0010101001011000
0110101001011000
0110011001011000
0110111001011000
0111111001011000
1111111001011000
0000101101011000
0010101101011000
0010111101011000
0000001011011000
0100001011011000
0110001011011000
0000101011011000
0110101011011000
0001101011011000
0010111011011000
0011111011011000
0111111011011000
1111111011011000
0000001111011000
0000101111011000
0110101111011000
0001101111011000
0011101111011000
0111101111011000
1111101111011000
0010111111011000
0110111111011000
0011111111011000
0111111111011000
0000000000111000
0100000000111000
0010000000111000
0110000000111000
0001000000111000
0011000000111000
0111000000111000
0000100000111000
0100100000111000
0010100000111000
0110100000111000
0011100000111000
0111100000111000
0000010000111000
0010010000111000
1010010000111000
0110010000111000
0000110000111000
0010110000111000
0110110000111000
0011110000111000
0111110000111000
1111110000111000
0000001000111000
0100001000111000
0010001000111000
0110001000111000
0001001000111000
0101001000111000
0011001000111000
0111001000111000
1111001000111000
0000101000111000
0100101000111000
0010101000111000
1010101000111000
0110101000111000
0001101000111000
0101101000111000
0011101000111000
0111101000111000
1111101000111000
0000011000111000
0100011000111000
0010011000111000
0110011000111000
0001011000111000
0011011000111000
0111011000111000
0000111000111000
1000111000111000
0100111000111000
0010111000111000
1010111000111000
0110111000111000
1110111000111000
0001111000111000
0101111000111000
0011111000111000
0111111000111000
1111111000111000
0000001100111000
0010001100111000
0001001100111000
0000101100111000
0010101100111000
0110101100111000
0111101100111000
0110011100111000
0111011100111000
1111011100111000
0000111100111000
0010111100111000
0110111100111000
0001111100111000
0011111100111000
0111111100111000
1111111100111000
0000000010111000
0010000010111000
0110000010111000
0111000010111000
0000100010111000
0010100010111000
0110100010111000
0000010010111000
0010010010111000
0110010010111000
0011110010111000
0000001010111000
1000001010111000
0100001010111000
0010001010111000
0110001010111000
0001001010111000
0011001010111000
0111001010111000
0000101010111000
0100101010111000
0010101010111000
0110101010111000
0001101010111000
0011101010111000
0111101010111000
1111101010111000
0000011010111000
0010011010111000
0110011010111000
0001011010111000
0101011010111000
0111011010111000
0000111010111000
1000111010111000
0100111010111000
0010111010111000
0110111010111000
0011111010111000
1011111010111000
0111111010111000
1111111010111000
0000001110111000
0100001110111000
0010001110111000
0110001110111000
0111001110111000
0000101110111000
0100101110111000
0010101110111000
0110101110111000
0001101110111000
0011101110111000
0111101110111000
0100011110111000
0110011110111000
0111011110111000
0000111110111000
0010111110111000
0110111110111000
1110111110111000
0001111110111000
0101111110111000
0011111110111000
0111111110111000
1111111110111000
0000000001111000
0110000001111000
0000010001111000
0010110001111000
0110110001111000
0000001001111000
0010001001111000
0110001001111000
0001001001111000
0011001001111000
0111001001111000
0000101001111000
0100101001111000
0010101001111000
0110101001111000
0001101001111000
0011101001111000
0111101001111000
0110011001111000
0011011001111000
0000111001111000
0010111001111000
0110111001111000
0101111001111000
0011111001111000
0111111001111000
1111111001111000
0000001101111000
0010001101111000
0110001101111000
0000101101111000
0010101101111000
0110101101111000
0001101101111000
1001101101111000
0111101101111000
0010111101111000
0110111101111000
0011111101111000
0111111101111000
1111111101111000
0111100011111000
0010110011111000
0000001011111000
0010001011111000
1010001011111000
0110001011111000
0001001011111000
0101001011111000
0000101011111000
0100101011111000
1100101011111000
0010101011111000
0110101011111000
1110101011111000
0001101011111000
0101101011111000
0011101011111000
1011101011111000
0111101011111000
0000011011111000
0010011011111000
1010011011111000
0110011011111000
0011011011111000
0000111011111000
0010111011111000
1010111011111000
0110111011111000
0001111011111000
1101111011111000
0011111011111000
0111111011111000
1111111011111000
0000001111111000
1000001111111000
0100001111111000
0010001111111000
0110001111111000
0001001111111000
1011001111111000
0111001111111000
0000101111111000
1000101111111000
0100101111111000
0010101111111000
0110101111111000
1110101111111000
0001101111111000
0101101111111000
1101101111111000
0011101111111000
1011101111111000
0111101111111000
1111101111111000
0000011111111000
0010011111111000
0110011111111000
1110011111111000
0111011111111000
0000111111111000
0100111111111000
0010111111111000
0110111111111000
1110111111111000
0001111111111000
1101111111111000
0011111111111000
1011111111111000
0111111111111000
1111111111111000
0000000000000100
0010000000000100
0000100000000100
1110100000000100
0001100000000100
0000010000000100
0000110000000100
0110110000000100
0111110000000100
0000001000000100
0100001000000100
0010001000000100
0001001000000100
0000101000000100
0001101000000100
0000000010000100
0000001010000100
0000101010000100
0010101010000100
0001101010000100
0000001110000100
1111111110000100
0000001001000100
0000001011000100
0000101011000100
0001001111000100
0000101111000100
1111111111000100
0000000000100100
0000100000100100
0010110000100100
1111110000100100
0000001000100100
0001001000100100
0000101000100100
0100101000100100
0000011000100100
0001011000100100
0000111000100100
0010111000100100
0111111000100100
0000011100100100
0000000010100100
0000001010100100
0000001110100100
0000101110100100
0110110001100100
0000000011100100
0000001011100100
0000101011100100
0101011011100100
0000001111100100
0000101111100100
0110011111100100
0000111111100100
0101111111100100
0000000000010100
0100000000010100
0010100000010100
0000001000010100
0010001000010100
0000101000010100
0000111000010100
0010111000010100
0110111000010100
1111111000010100
0000101100010100
0110001010010100
0011001010010100
0000101010010100
0110101010010100
0000011010010100
0110100001010100
0110001001010100
0000101111010100
0000000000110100
1000000000110100
0011000000110100
0000100000110100
0010100000110100
0110100000110100
0000001000110100
0010001000110100
0011001000110100
0000101000110100
0010101000110100
0110101000110100
0000011000110100
0000111000110100
0010111000110100
0011111000110100
0010001100110100
0110111100110100
0110000010110100
0000001010110100
0010001010110100
0110001010110100
0000101010110100
0010101010110100
0110101010110100
0010111010110100
0010101110110100
0110111110110100
0111111110110100
0000101001110100
0010111001110100
0010001011110100
0110001011110100
1110001011110100
0000101011110100
1000101011110100
0110101011110100
0110011011110100
0010111011110100
1111111011110100
0011100111110100
0000001111110100
0010001111110100
0000101111110100
0010101111110100
1110101111110100
0001101111110100
0011101111110100
0111101111110100
1111101111110100
0010111111110100
0001111111110100
0011111111110100
0111111111110100
1111111111110100
0000000000001100
0100000000001100
0000100000001100
0000001000001100
1000001000001100
0010001000001100
0000101000001100
0100101000001100
0000011000001100
1100011000001100
0100111000001100
0001111000001100
0111111000001100
0000101100001100
0000000010001100
0010000010001100
0000001010001100
0000101010001100
0000100001001100
0000001001001100
0000101001001100
0000000011001100
0000001011001100
0000000000101100
0010000000101100
0000100000101100
0001100000101100
0000010000101100
0000110000101100
0000001000101100
0010001000101100
0001001000101100
0000101000101100
0001101000101100
1001101000101100
0000011000101100
0000111000101100
1110111000101100
0011111000101100
1011111000101100
1111111000101100
0000001100101100
0000101100101100
0000000010101100
0000100010101100
0000001010101100
0110001010101100
0001001010101100
0000101010101100
1000101010101100
0011101010101100
0111101010101100
0000111010101100
0100111010101100
0000001110101100
0000100001101100
0000001001101100
0000101001101100
1000101001101100
0001101001101100
0001111101101100
0000000011101100
0110000011101100
0000001011101100
1101001011101100
0000101011101100
0110101011101100
0001011011101100
0000111011101100
1100111011101100
0000001111101100
0001001111101100
0000101111101100
0010101111101100
0011101111101100
1111101111101100
0110111111101100
0111111111101100
0000000000011100
0110000000011100
0000100000011100
0110100000011100
0000110000011100
0110110000011100
0000001000011100
0010001000011100
0110001000011100
0000101000011100
0100101000011100
0010101000011100
0111101000011100
0000011000011100
0000111000011100
0010111000011100
0110111000011100
0001111000011100
0111111000011100
0000000010011100
0010000010011100
0000001010011100
0010001010011100
0110001010011100
0111001010011100
0000101010011100
0010101010011100
0110101010011100
0000011010011100
0110111010011100
0011111010011100
0011111110011100
0110100001011100
0000001001011100
0000101001011100
0110101001011100
0110111011011100
0101111011011100
0011111011011100
0010101111011100
0110101111011100
0101111111011100
1111111111011100
0000000000111100
0010000000111100
0110000000111100
0000100000111100
0010100000111100
0110100000111100
0001100000111100
0010010000111100
0000110000111100
0010110000111100
1111110000111100
0000001000111100
0010001000111100
0110001000111100
0001001000111100
0111001000111100
0000101000111100
0100101000111100
0010101000111100
0110101000111100
0001101000111100
0111101000111100
0000011000111100
0010011000111100
0111011000111100
0000111000111100
0010111000111100
0110111000111100
1101111000111100
0011111000111100
0111111000111100
1111111000111100
0110001100111100
1000101100111100
0010101100111100
0110101100111100
0111101100111100
1100011100111100
0110111100111100
0111111100111100
1111111100111100
0000000010111100
0010000010111100
0000100010111100
0010010010111100
0000001010111100
0010001010111100
0110001010111100
0000101010111100
0100101010111100
0010101010111100
0110101010111100
0001101010111100
0011101010111100
0111101010111100
1111101010111100
0100011010111100
0110011010111100
0000111010111100
0100111010111100
0010111010111100
0110111010111100
0011111010111100
0111111010111100
1111111010111100
0000001110111100
0010001110111100
0110001110111100
1000101110111100
0010101110111100
0110101110111100
0010011110111100
0110011110111100
0000111110111100
0010111110111100
0110111110111100
0111111110111100
0000000001111100
0001000001111100
0000001001111100
1000001001111100
0010001001111100
0110001001111100
0000101001111100
0100101001111100
0010101001111100
0110101001111100
0001101001111100
0010011001111100
0010111001111100
1010111001111100
1110111001111100
0011111001111100
0111111001111100
1111111001111100
0110101101111100
0001101101111100
0000111101111100
0010111101111100
0111111101111100
1111111101111100
0000000011111100
1010000011111100
0000001011111100
0100001011111100
0010001011111100
0110001011111100
0011001011111100
0000101011111100
0010101011111100
1010101011111100
0110101011111100
0001101011111100
1001101011111100
1111101011111100
0010011011111100
0110011011111100
0001011011111100
0000111011111100
0010111011111100
0110111011111100
0001111011111100
0011111011111100
0111111011111100
1111111011111100
0000001111111100
0010001111111100
0110001111111100
0011001111111100
0111001111111100
1111001111111100
0000101111111100
1000101111111100
0010101111111100
1010101111111100
0110101111111100
1110101111111100
0001101111111100
1001101111111100
0011101111111100
0111101111111100
1111101111111100
0000011111111100
0010011111111100
0110011111111100
0011011111111100
0111011111111100
1111011111111100
0000111111111100
0100111111111100
0010111111111100
0110111111111100
1110111111111100
0001111111111100
1001111111111100
0101111111111100
0011111111111100
1011111111111100
0111111111111100
1111111111111100
0000000000000010
0100000000000010
0001000000000010
0000100000000010
1000100000000010
0100100000000010
0010100000000010
0001100000000010
0011100000000010
0111100000000010
0000010000000010
0000110000000010
0100110000000010
0101110000000010
0011110000000010
0111110000000010
1111110000000010
0000001000000010
0100001000000010
0010001000000010
0001001000000010
1001001000000010
0101001000000010
0000101000000010
0001101000000010
0101101000000010
0000011000000010
0000111000000010
0001111000000010
0101111000000010
0111111000000010
1111111000000010
0000001100000010
0000001010000010
0010001010000010
0000101010000010
0000011010000010
0000111010000010
0000001110000010
0000101110000010
0110111110000010
0111111110000010
1111111110000010
0000000001000010
0000100001000010
0000001001000010
1001101001000010
1111111001000010
1111111101000010
0000001011000010
0000101011000010
1001101011000010
0101101011000010
0000011011000010
1111111011000010
0000001111000010
0001101111000010
0000000000100010
0000001000100010
0010001000100010
0000101000100010
1000011000100010
0000111000100010
0100111000100010
0001111000100010
1111111000100010
1101101100100010
0000000010100010
0000001010100010
1000001010100010
0101001010100010
0011001010100010
0000101010100010
0011101010100010
0000001110100010
0000101110100010
0110101110100010
0001101110100010
0000001001100010
0000101001100010
0001101001100010
0000001011100010
0000001111100010
0100001111100010
0110101111100010
0001101111100010
0101101111100010
1101111111100010
0111111111100010
1111111111100010
0000000000010010
0100000000010010
0010000000010010
0110000000010010
0000100000010010
0000010000010010
0010110000010010
0110110000010010
0011110000010010
0111110000010010
0000001000010010
0100001000010010
0010001000010010
0110001000010010
0001001000010010
0000101000010010
0010101000010010
1010101000010010
0110101000010010
0001101000010010
0111101000010010
0000011000010010
0110011000010010
0000111000010010
0100111000010010
0010111000010010
0110111000010010
0001111000010010
1101111000010010
0011111000010010
0111111000010010
1111111000010010
0011111100010010
0000001010010010
0110001010010010
0010101010010010
0110101010010010
1111111010010010
0000101110010010
0011101110010010
0110111110010010
0111111110010010
0110001001010010
0000101001010010
0110111001010010
0110101101010010
0000101011010010
0010111011010010
1111111011010010
0110001111010010
0000101111010010
0011101111010010
0111011111010010
0000000000110010
0010100000110010
0000001000110010
0010001000110010
0000101000110010
0010101000110010
0110101000110010
0011101000110010
0010011000110010
0110111000110010
0011111000110010
0111111000110010
0010101100110010
0000000010110010
0010110010110010
0000001010110010
0010001010110010
0111001010110010
0111101010110010
0110111010110010
0011111010110010
0111111010110010
1111111010110010
0000001110110010
0101101110110010
0100111110110010
0110111110110010
0111111110110010
0010001001110010
1111111001110010
0000111101110010
0111110011110010
0000001011110010
0010001011110010
0000101011110010
0010101011110010
1111111011110010
0000001111110010
0110001111110010
0000101111110010
0010101111110010
0110101111110010
0001101111110010
0011101111110010
0111101111110010
0010011111110010
0010111111110010
0110111111110010
1110111111110010
0001111111110010
0011111111110010
0111111111110010
1111111111110010
0000000000001010
0110000000001010
0000100000001010
0011010000001010
0111110000001010
1111110000001010
0000001000001010
0110001000001010
0000101000001010
0000011000001010
0000111000001010
1111111000001010
0000001100001010
0000001010001010
0001001010001010
0000111010001010
0000001001001010
0000101001001010
1001101001001010
0000111001001010
1111111001001010
0110101101001010
0000001011001010
0000000000101010
0000100000101010
0000010000101010
0000001000101010
0100001000101010
0000101000101010
0001101000101010
0000111000101010
0001111000101010
1111111000101010
0000001100101010
1111111100101010
0000001010101010
0100001010101010
0010001010101010
0001001010101010
0000101010101010
0001011010101010
0110111010101010
0000001110101010
0011001110101010
0000101110101010
1000101110101010
0000011110101010
0110111110101010
0001111110101010
0000001001101010
0000101001101010
0010101001101010
0000101101101010
0000000011101010
0000100011101010
0000001011101010
0001001011101010
0000101011101010
0100101011101010
0001101011101010
0100111011101010
1111111011101010
0000001111101010
0001001111101010
0000101111101010
0101101111101010
0111111111101010
1111111111101010
0000000000011010
0000100000011010
0101100000011010
0111100000011010
0001010000011010
0110110000011010
0011110000011010
0000001000011010
0010001000011010
0110001000011010
0111001000011010
0000101000011010
0100101000011010
0010101000011010
0110101000011010
0011101000011010
0111101000011010
0001011000011010
0111011000011010
0010111000011010
0110111000011010
0101111000011010
0011111000011010
0111111000011010
1111111000011010
0111111100011010
0110000010011010
0000001010011010
0010001010011010
0000101010011010
0011101010011010
0111101010011010
0000111010011010
0110111010011010
1101111010011010
0011111010011010
1111111010011010
0010001110011010
0110101110011010
0110111110011010
0111111110011010
1111111110011010
0000001001011010
0110001001011010
0011111001011010
0111111001011010
1111111001011010
0111111011011010
0000010111011010
0100001111011010
0110001111011010
1011001111011010
0000101111011010
0110101111011010
0011101111011010
0111101111011010
0011111111011010
0111111111011010
1111111111011010
0000000000111010
0110000000111010
0000100000111010
0010100000111010
0111100000111010
0010110000111010
0110110000111010
0000001000111010
0010001000111010
1010001000111010
0110001000111010
0000101000111010
1000101000111010
0100101000111010
0010101000111010
0110101000111010
0001101000111010
0000011000111010
0010011000111010
0110011000111010
0000111000111010
0010111000111010
0110111000111010
0001111000111010
0011111000111010
0111111000111010
1111111000111010
0000001100111010
0110001100111010
0000101100111010
0010101100111010
0001111100111010
0011111100111010
0111111100111010
0110100010111010
0111110010111010
0000001010111010
0010001010111010
0110001010111010
0000101010111010
0100101010111010
0010101010111010
0110101010111010
0001101010111010
0111101010111010
0000011010111010
0010011010111010
0110011010111010
1001011010111010
0000111010111010
0010111010111010
0110111010111010
0111111010111010
1111111010111010
0000001110111010
0110001110111010
0000101110111010
0010101110111010
0110101110111010
0011101110111010
0111101110111010
0110011110111010
0111011110111010
0000111110111010
0010111110111010
0110111110111010
0001111110111010
0111111110111010
1111111110111010
0000000001111010
0000100001111010
0111110001111010
0000001001111010
0010001001111010
0000101001111010
0110101001111010
0100111001111010
0010111001111010
0110111001111010
0101111001111010
0111111001111010
1111111001111010
0110101101111010
0011101101111010
0111101101111010
0000011101111010
0110111101111010
1110111101111010
0111111101111010
0000000011111010
0000100011111010
0000001011111010
1000001011111010
1100001011111010
0010001011111010
0110001011111010
0111001011111010
0000101011111010
0100101011111010
0010101011111010
0110101011111010
0001101011111010
0011101011111010
1011101011111010
0111101011111010
0010011011111010
0110011011111010
1100111011111010
0110111011111010
1110111011111010
0001111011111010
0011111011111010
0111111011111010
1111111011111010
0000001111111010
0100001111111010
0010001111111010
0110001111111010
0111001111111010
0000101111111010
1000101111111010
0100101111111010
0010101111111010
0110101111111010
1110101111111010
0001101111111010
0011101111111010
0111101111111010
1111101111111010
0010011111111010
1010011111111010
0110011111111010
1000111111111010
0010111111111010
1010111111111010
0110111111111010
1110111111111010
0001111111111010
0101111111111010
1101111111111010
0011111111111010
0111111111111010
1111111111111010
0000000000000110
0110000000000110
0000100000000110
0110100000000110
0110110000000110
0111110000000110
1111110000000110
0000001000000110
0000011000000110
0001011000000110
1111111000000110
0000001100000110
0000001010000110
0000101010000110
0000001001000110
1111111001000110
0000101011000110
1111111111000110
0000000000100110
0000001000100110
0000101000100110
0110101000100110
0001101000100110
0000111000100110
1010111000100110
0110111000100110
0111111000100110
1111111000100110
0000001010100110
0010001010100110
1111111010100110
1001101110100110
0110111110100110
0000000001100110
0000001001100110
0000001011100110
0000101011100110
0010101011100110
0000001111100110
0110001111100110
0000101111100110
1000101111100110
0010101111100110
0001101111100110
1101101111100110
1111101111100110
0001111111100110
0111111111100110
1111111111100110
0000000000010110
0000001000010110
0010001000010110
0000101000010110
0110111000010110
1111111000010110
0010101010010110
0010101001010110
0001101001010110
0010111011010110
0010111111010110
1111111111010110
0010000000110110
1111100000110110
0000001000110110
0110101000110110
0110111000110110
1110111000110110
0000101010110110
0110101010110110
0001101010110110
0110111010110110
0111111010110110
1011001110110110
1111111110110110
0000001001110110
0010101001110110
0111111001110110
0000000011110110
0000100011110110
0000001011110110
0010001011110110
0110001011110110
0100101011110110
0010101011110110
0110101011110110
0001101011110110
0010111011110110
0111111011110110
1111111011110110
0000001111110110
0000101111110110
0010101111110110
1101101111110110
0011101111110110
0111101111110110
1111101111110110
0010011111110110
0011011111110110
0110111111110110
1110111111110110
0111111111110110
1111111111110110
0000000000001110
0000100000001110
0111100000001110
0000001000001110
0000101000001110
0111111000001110
0000000010001110
0000001010001110
0000101010001110
0000000001001110
0000101001001110
0011101001001110
0000101011001110
0000111111001110
0000000000101110
0000100000101110
0000001000101110
0000101000101110
0010101000101110
1111111000101110
0000000010101110
0000100010101110
0000001010101110
0010001010101110
0000101010101110
0011101010101110
0000111110101110
1111111110101110
0000000001101110
0001000001101110
0111100001101110
0000001001101110
0010001001101110
0000101001101110
0110101001101110
0110111001101110
0001111001101110
1001101101101110
0000111101101110
0011111101101110
0000000011101110
0000001011101110
0000101011101110
0001101011101110
1001101011101110
0011101011101110
0001111011101110
1111111011101110
0000001111101110
0010001111101110
0000101111101110
0010101111101110
0001101111101110
0111101111101110
0000011111101110
0000111111101110
0111111111101110
1111111111101110
0000000000011110
0110000000011110
0000100000011110
0111110000011110
0000001000011110
0010001000011110
0110001000011110
0000101000011110
1100101000011110
0010101000011110
0110101000011110
0110111000011110
0111111000011110
0000001010011110
0110001010011110
0011111010011110
1011101110011110
0001111110011110
0000001001011110
0010001001011110
0010101001011110
0111111101011110
0000101011011110
0110111011011110
0000001111011110
0000101111011110
0011111111011110
0111111111011110
1111111111011110
0000000000111110
0110000000111110
0001000000111110
0000100000111110
1000100000111110
0010100000111110
1110100000111110
0000110000111110
0010110000111110
0000001000111110
0010001000111110
0110001000111110
0001001000111110
0000101000111110
0010101000111110
0110101000111110
0111101000111110
0110011000111110
0000111000111110
0100111000111110
0010111000111110
0110111000111110
1110111000111110
0111111000111110
1111111000111110
0000001100111110
0000101100111110
1111111100111110
0010000010111110
0000001010111110
0010001010111110
0110001010111110
0001001010111110
0011001010111110
0000101010111110
0100101010111110
0010101010111110
0110101010111110
0001101010111110
0101101010111110
0111101010111110
1111101010111110
0010011010111110
0110011010111110
0000111010111110
0100111010111110
0010111010111110
0110111010111110
0111111010111110
1111111010111110
0000001110111110
0010101110111110
0001101110111110
0101101110111110
0011101110111110
0111101110111110
0110111110111110
0101111110111110
1101111110111110
1011111110111110
0111111110111110
1111111110111110
0010000001111110
0001000001111110
0000110001111110
1111110001111110
0000001001111110
0010001001111110
0110001001111110
0000101001111110
0010101001111110
0110101001111110
0001101001111110
0011101001111110
0111101001111110
0000111001111110
0010111001111110
0110111001111110
1110111001111110
0001111001111110
0011111001111110
0111111001111110
1111111001111110
0000001101111110
0110101101111110
0111101101111110
0110111101111110
0001111101111110
0111111101111110
1111111101111110
0000000011111110
0110110011111110
1111110011111110
0000001011111110
0010001011111110
0110001011111110
0001001011111110
0111001011111110
0000101011111110
1000101011111110
0010101011111110
1010101011111110
0110101011111110
0001101011111110
1001101011111110
0011101011111110
0111101011111110
1111101011111110
0010011011111110
0110011011111110
1101011011111110
0000111011111110
0010111011111110
0110111011111110
0001111011111110
0011111011111110
0111111011111110
1111111011111110
0000001111111110
0100001111111110
0010001111111110
0110001111111110
0011001111111110
0111001111111110
0000101111111110
0100101111111110
1100101111111110
0010101111111110
0110101111111110
1110101111111110
0001101111111110
1001101111111110
0101101111111110
0011101111111110
1011101111111110
0111101111111110
1111101111111110
0000011111111110
0010011111111110
0110011111111110
0111011111111110
0000111111111110
0100111111111110
0010111111111110
1010111111111110
0110111111111110
1110111111111110
0001111111111110
1001111111111110
0101111111111110
0011111111111110
1011111111111110
0111111111111110
1111111111111110
0000000000000001
0001000000000001
0000100000000001
0000010000000001
1111110000000001
0000001000000001
0100001000000001
0001001000000001
0000101000000001
0001011000000001
0000001100000001
0000001010000001
0001001010000001
0010011010000001
0000001110000001
1111111110000001
0000001001000001
0000000011000001
0000001011000001
0001001111000001
1111111111000001
0000000000100001
0000100000100001
0000001000100001
0000101000100001
0000001100100001
0001000010100001
0000001010100001
0010001010100001
0000001110100001
0010101110100001
0000001001100001
0000001101100001
1111111011100001
0000001111100001
0000101111100001
0000111111100001
1111111111100001
0000000000010001
0100000000010001
0010000000010001
0110000000010001
0000100000010001
0001100000010001
0000001000010001
0010001000010001
0001001000010001
0000101000010001
0010101000010001
0110111000010001
0111111000010001
0000001100010001
0010000010010001
0100001010010001
0010001010010001
0110001010010001
0000011010010001
1111111010010001
0110101110010001
0110111110010001
0000000001010001
0010001011010001
0000101011010001
0000000000110001
0110000000110001
0000001000110001
0010001000110001
0111111000110001
0000001010110001
0110001010110001
0110101010110001
1111111010110001
0010001001110001
0010001101110001
0011101101110001
1010011101110001
0110001011110001
0010111011110001
1111111011110001
0010101111110001
0001101111110001
1111111111110001
0000000000001001
0000100000001001
0000001000001001
0010001000001001
0010101000001001
0000011000001001
0111111000001001
0000001010001001
0000101010001001
0000001110001001
0000001001001001
1111111111001001
0000000000101001
0000001000101001
0000101000101001
0100101000101001
1111111000101001
0000001010101001
0000101010101001
0100011010101001
1111111010101001
1001111110101001
0000000001101001
0100001001101001
0111011001101001
0000001011101001
1110111011101001
0000001111101001
0000101111101001
0001101111101001
1111101111101001
0000011111101001
0101111111101001
0111111111101001
0000000000011001
0000001000011001
0010001000011001
0110001000011001
0111001000011001
0000101000011001
0010101000011001
0001101000011001
0000111000011001
0010000010011001
0000001010011001
0010001010011001
0110001010011001
0001001010011001
0010101010011001
0110101010011001
0000001001011001
0110101101011001
0000000011011001
0000001011011001
0010111011011001
0110001111011001
1111111111011001
0000000000111001
0010000000111001
0110000000111001
0000100000111001
0000001000111001
1000001000111001
0010001000111001
0110001000111001
0000101000111001
0010101000111001
0110101000111001
0010011000111001
0110111000111001
1111111000111001
0000001100111001
1111111100111001
0000000010111001
0000001010111001
0100001010111001
0010001010111001
0110001010111001
0000101010111001
0110101010111001
1110101010111001
0000111010111001
0010111010111001
0110111010111001
0111111010111001
0000001110111001
0110001110111001
0111001110111001
0011101110111001
0111101110111001
0110111110111001
0010110001111001
0000001001111001
0110001001111001
0010101001111001
0110101001111001
0111101001111001
0010001101111001
0000001011111001
0010001011111001
0110001011111001
0000101011111001
0100101011111001
0010101011111001
0110101011111001
0111101011111001
1100111011111001
0010111011111001
0110111011111001
0101111011111001
0111111011111001
1111111011111001
0000001111111001
0010001111111001
1010001111111001
0001001111111001
0011001111111001
0000101111111001
0010101111111001
0110101111111001
1011101111111001
0111101111111001
1111101111111001
0010011111111001
0111011111111001
1111011111111001
0110111111111001
0011111111111001
1011111111111001
0111111111111001
1111111111111001
0000000000000101
0000001000000101
0000101000000101
0000000010000101
0000000001000101
0000001111000101
0000000000100101
1001110000100101
0000001000100101
1000011000100101
0000000010100101
0011100010100101
0000001010100101
0001001010100101
1111111010100101
0000001110100101
0000000001100101
0000001001100101
0001101001100101
0000000011100101
0000100011100101
1111110011100101
0000001011100101
0000101011100101
0101101011100101
0111111011100101
1111111011100101
0000001111100101
0000101111100101
1111101111100101
0111111111100101
1111111111100101
0000000000010101
0011001000010101
0110111010010101
0000001011010101
0010001011010101
0000000000110101
0110001000110101
0000101000110101
0000001100110101
0000001010110101
0000101010110101
0010101010110101
1111111010110101
0110001001110101
1111111001110101
0000001011110101
0000101011110101
1111111011110101
0110101111110101
0011101111110101
0111101111110101
1111101111110101
0110011111110101
0110111111110101
0111111111110101
1111111111110101
0000000000001101
0000001000001101
0010001000001101
0000101000001101
0000001110001101
0000001001001101
1111111101001101
0000000000101101
0000100000101101
0000001000101101
0000101000101101
1111111000101101
0000111100101101
0000000010101101
0000001010101101
0001001010101101
0000101010101101
0100101010101101
0100111010101101
0111111010101101
0001001110101101
0010101110101101
0001101110101101
0000011110101101
0111011110101101
0000000001101101
0000001001101101
0100001001101101
0000101001101101
0000000011101101
0000100011101101
0011110011101101
0000001011101101
1000001011101101
0000101011101101
0011101011101101
0000111011101101
0110111011101101
0001111011101101
1101111011101101
0000001111101101
0001001111101101
0001101111101101
0000111111101101
1100111111101101
0010111111101101
0110111111101101
0101111111101101
1101111111101101
1111111111101101
0000000000011101
0000001000011101
0000101000011101
0110101000011101
0111111000011101
0110101010011101
1001001001011101
0000101011011101
0011101011011101
0000111011011101
0000001111011101
0001111111011101
0111111111011101
0000000000111101
0010000000111101
0110000000111101
0000100000111101
0110100000111101
0011100000111101
0000001000111101
0010001000111101
0110001000111101
0000101000111101
0010101000111101
0110101000111101
0000011000111101
0000111000111101
0011111000111101
1111111000111101
0011101100111101
0000001010111101
0010001010111101
1010001010111101
0110001010111101
0000101010111101
0110101010111101
0001101010111101
0011101010111101
0111101010111101
0010011010111101
0110011010111101
1110011010111101
0110111010111101
0111111010111101
0100001110111101
0110001110111101
0110101110111101
0011101110111101
0111101110111101
0111111110111101
1111111110111101
0000000001111101
1101110001111101
0000001001111101
0010001001111101
0110001001111101
0001001001111101
0010101001111101
0110101001111101
0000111001111101
0111111001111101
0010101101111101
1010101101111101
0110111101111101
0111111101111101
1111111101111101
0000001011111101
0010001011111101
0110001011111101
0000101011111101
1000101011111101
0010101011111101
0110101011111101
0001101011111101
0101101011111101
0011101011111101
0010111011111101
0110111011111101
0101111011111101
0111111011111101
1111111011111101
0000001111111101
1000001111111101
0100001111111101
0010001111111101
0001001111111101
0011001111111101
0111001111111101
0000101111111101
1000101111111101
0010101111111101
1010101111111101
0110101111111101
1001101111111101
0101101111111101
1101101111111101
0011101111111101
1011101111111101
0111101111111101
1111101111111101
1010011111111101
0110011111111101
0000111111111101
0100111111111101
0010111111111101
0110111111111101
1110111111111101
0001111111111101
1001111111111101
0101111111111101
1101111111111101
0011111111111101
1011111111111101
0111111111111101
1111111111111101
0000000000000011
0101100000000011
0000001000000011
0000101000000011
0000111000000011
1000101001000011
0110101001000011
0001101111000011
0110111111000011
1111111111000011
0000001000100011
0000001010100011
1111111010100011
0000001101100011
0000001011100011
0000111011100011
0000001111100011
0000101111100011
0001101111100011
1111101111100011
0111111111100011
1111111111100011
0000001000010011
0010001000010011
0111111000010011
0001111010010011
0111111110010011
0010001001010011
0010001011010011
0010011011010011
1111111011010011
0111111111010011
0100110000110011
0010100010110011
0000001010110011
0010101010110011
1111111010110011
1110111101110011
0000101011110011
0110101011110011
0010001111110011
0000101111110011
0011101111110011
0111101111110011
0110111111110011
0111111111110011
1111111111110011
0000000000001011
0000001000001011
0000001010001011
1111111001001011
0001111111001011
0000000000101011
0000100000101011
0010100000101011
0000101000101011
1111111000101011
0000001010101011
0001001010101011
0000101010101011
0000111010101011
0111111110101011
0000001001101011
0110011101101011
0000000011101011
0000001011101011
0001001011101011
0000101011101011
0111111011101011
0000101111101011
0000111111101011
0000000000011011
0000110000011011
0000001000011011
0010001000011011
0000101000011011
0011111000011011
1111111110011011
1110101111011011
0111101111011011
1111111111011011
0010010000111011
0000001000111011
0110001000111011
0000101000111011
0010101000111011
0001011000111011
0010111000111011
0000001100111011
0110001100111011
1111111100111011
0000001010111011
1000101010111011
0010101010111011
0110101010111011
0011101010111011
0111101010111011
0010111010111011
0111111010111011
0010101110111011
0110101110111011
1001101110111011
0111111110111011
1111111110111011
0000101001111011
0010101001111011
0110101001111011
1111111001111011
0111101101111011
0000001011111011
0010001011111011
0010101011111011
0010011011111011
0110011011111011
0110111011111011
0111111011111011
1111111011111011
0000001111111011
0010001111111011
1010001111111011
0110001111111011
0000101111111011
0100101111111011
0010101111111011
0110101111111011
1110101111111011
0001101111111011
1001101111111011
0011101111111011
0111101111111011
1111101111111011
0000111111111011
0110111111111011
1110111111111011
0001111111111011
0011111111111011
1011111111111011
0111111111111011
1111111111111011
0110000000000111
0111100000000111
0111110000000111
1111110000000111
0000001000000111
0101001000000111
0000101000000111
1111111110000111
0000000001000111
0000001001000111
0000001111000111
1001001111000111
0111111111000111
1111111111000111
0000100000100111
0000001000100111
1111111000100111
0000001010100111
0010111110100111
0111111001100111
0000001101100111
0000111101100111
0000001011100111
0000101011100111
0010101011100111
0001101011100111
1001101011100111
0000011011100111
1001111011100111
1111111011100111
0000001111100111
0111001111100111
1000101111100111
0001101111100111
0101101111100111
1101101111100111
0111101111100111
1111101111100111
1100111111100111
0001111111100111
1001111111100111
1101111111100111
0111111111100111
1111111111100111
0000000000010111
0000001000010111
0110111000010111
0011101010010111
0110011110010111
0111111011010111
1111111111010111
0000001000110111
0000101000110111
0111101010110111
0000001110110111
0111111110110111
0010101001110111
1111111101110111
0000001011110111
0110001011110111
0000101011110111
0001101011110111
1000111011110111
0010111011110111
1111111011110111
0010001111110111
1111001111110111
0000101111110111
0010101111110111
1010101111110111
0110101111110111
0001101111110111
0101101111110111
0011101111110111
1111101111110111
0000011111110111
0111011111110111
1111011111110111
0110111111110111
1110111111110111
0001111111110111
1001111111110111
1101111111110111
0011111111110111
1011111111110111
0111111111110111
1111111111110111
0000000000001111
0010000000001111
0001010000001111
0000001000001111
0001101000001111
0000001110001111
0000001001001111
0101101101001111
0000101011001111
0000001111001111
0001101111001111
0000000000101111
0001000000101111
0000100000101111
0000001000101111
0001001000101111
0000101000101111
0000001100101111
1011101100101111
0000000010101111
0000001010101111
0000101010101111
0000001110101111
0001101110101111
0000000001101111
0000100001101111
0010100001101111
0000001001101111
1000001001101111
0100001001101111
0000101001101111
1000101001101111
0101101001101111
0111111001101111
1111111001101111
0000001101101111
1010001101101111
0111111101101111
0000000011101111
0001000011101111
0000001011101111
0010001011101111
0001001011101111
0000101011101111
1000101011101111
0001101011101111
1001101011101111
1101101011101111
0111101011101111
1111101011101111
0000111011101111
0001111011101111
0101111011101111
1101111011101111
1111111011101111
0000000111101111
0000001111101111
0001001111101111
0000101111101111
0110101111101111
0001101111101111
1001101111101111
0101101111101111
0011101111101111
1111101111101111
0000011111101111
0001011111101111
0000111111101111
0010111111101111
0001111111101111
1001111111101111
0101111111101111
1101111111101111
0111111111101111
1111111111101111
0000001000011111
0011111000011111
0110001010011111
1110111110011111
0010001011011111
0001001011011111
0000001111011111
1111101111011111
0110111111011111
1011111111011111
0111111111011111
1111111111011111
0000100000111111
0000001000111111
0010001000111111
0000101000111111
0010101000111111
0001101000111111
0011101000111111
1011101000111111
0000111000111111
0110111000111111
1110111000111111
0001111000111111
0011111000111111
0111111000111111
1111111000111111
0010000010111111
1000100010111111
0011100010111111
0000001010111111
0010001010111111
0000101010111111
0010101010111111
0110101010111111
0111101010111111
0000011010111111
0110111010111111
0111111010111111
1111111010111111
0000001110111111
0010001110111111
0110101110111111
1001101110111111
0011101110111111
0111101110111111
0110111110111111
1110111110111111
0001111110111111
0101111110111111
0111111110111111
0000000001111111
0011110001111111
0111110001111111
1111110001111111
0000001001111111
1000001001111111
0010001001111111
0110001001111111
0000101001111111
0010101001111111
0001101001111111
1001111001111111
1111111001111111
0010101101111111
0110101101111111
0111101101111111
1111101101111111
1101111101111111
0111111101111111
1111111101111111
0000000011111111
0010000011111111
0010100011111111
0001100011111111
1001100011111111
0001110011111111
1111110011111111
0000001011111111
1000001011111111
0010001011111111
0110001011111111
0001001011111111
0000101011111111
0010101011111111
1010101011111111
0110101011111111
0001101011111111
1001101011111111
0101101011111111
0011101011111111
0111101011111111
1111101011111111
0111011011111111
1111011011111111
0000111011111111
0010111011111111
0110111011111111
0001111011111111
0101111011111111
1101111011111111
0011111011111111
0111111011111111
1111111011111111
0000110111111111
1101110111111111
0011110111111111
0000001111111111
0010001111111111
0110001111111111
0001001111111111
0011001111111111
0111001111111111
1111001111111111
0000101111111111
1000101111111111
1100101111111111
0010101111111111
0110101111111111
1110101111111111
0001101111111111
1001101111111111
0101101111111111
1101101111111111
0011101111111111
1011101111111111
0111101111111111
1111101111111111
1100011111111111
0010011111111111
0110011111111111
1110011111111111
0011011111111111
0111011111111111
1111011111111111
0000111111111111
1000111111111111
1100111111111111
0010111111111111
1010111111111111
0110111111111111
1110111111111111
0001111111111111
1001111111111111
0101111111111111
1101111111111111
0011111111111111
1011111111111111
0111111111111111
1111111111111111
