5	0	2	1	5	1	0	0	4	1	0	0	6	0	2	0
8	0	11	0	13	0	1	0	3	0	1	0	26	0	1	0
5	0	2	0	0	0	0	0	0	0	0	0	0	0	1	0
4	0	8	2	6	0	1	0	1	0	1	0	0	0	1	0
17	10	1	1	16	7	0	0	0	2	0	0	10	6	0	0
1	0	2	0	0	0	0	0	1	0	0	0	0	0	0	0
4	7	3	1	1	1	2	0	1	0	0	0	1	0	0	0
0	0	3	0	0	0	0	0	0	0	0	0	0	0	0	0
18	3	2	0	23	4	0	0	22	2	0	0	57	3	0	0
5	1	0	0	11	0	1	0	11	0	0	0	29	2	1	1
3	0	0	0	4	0	0	0	1	0	0	0	0	0	0	0
1	1	0	0	0	0	0	0	0	0	0	0	0	0	0	0
41	25	0	1	37	26	0	0	15	10	0	0	43	22	0	0
0	0	0	0	2	0	0	0	0	0	0	0	3	0	0	0
2	4	0	0	2	1	0	0	0	1	0	0	2	1	0	0
0	0	0	0	0	0	0	0	0	0	0	0	0	0	0	0